r_01 = 1.26095e-010
r_02 = 1.83939e-007
r_03 = 1.48531e-008
r_04 = 3.27587e-007
r_05 = 0.000968681
r_06 = 1.05186e-011
r_07 = 0.0243944
r_08 = 4.14662e-011
r_09 = 1.83939e-007
r_10 = 1.48531e-008
r_11 = 4.76997e-007
r_12 = 3.406e-014
r_13 = 0.000922185
r_14 = 7.68313e-005
r_15 = 7.0223e-006
r_16 = 0.00627473
r_17 = 7.86867e-005
r_18 = 0.0243157
r_19 = 4.14646e-011
r_20 = 4.70622e-007
r_21 = 1.32149e-009
r_22 = 0.000922184
r_23 = 1.48089e-007
r_24 = 3.09527e-007
r_25 = -1.74086e-005
r_26 = 2.18059e-010
r_27 = 7.99685e-006
r_28 = 4.1467e-011
r_29 = 4.70622e-007
r_30 = -2.43019e-007
r_31 = 7.94144e-007
r_32 = -1.84136e-005
r_33 = 3.09569e-007
r_34 = 0.00529943
r_35 = 7.94144e-007
r_36 = 0.201014
r_37 = -3.03353e-005
r_39 = 9.57035e-008
r_40 = 8.46286e-011
r_41 = 2.25021e-006
r_42 = 0.00621352
r_43 = 0.00629882
r_44 = 0.00629882
r_45 = 2.24474e-006
r_46 = -7.67643e-005
r_47 = -7.67641e-005
r_48 = 1.81631e-005
r_49 = 6.56468e-006
r_50 = 0.201015

r_51 = 2.25021e-006
r_52 = 0.00629882
r_53 = 2.24474e-006
r_54 = -2.7183e-007

r_71 = 0.0242773
r_72 = 0.00529134
r_73 = 0.0183144
r_74 = 9.38344e-014
r_75 = 1.6695e-005
r_76 = 1.6695e-005
r_77 = -7.67656e-005

r_00_f = 0.0253865
r_00_b = 2.30495e-005
r_01_f = 3.97316e-007
r_01_b = 3.9719e-007
r_02_f = 2.07598e-007
r_02_b = 2.36587e-008
r_03_f = 1.48531e-008
r_03_b = 2.37494e-022
r_04_f = 3.27587e-007
r_04_b = 8.29548e-018
r_05_f = 0.000968693
r_05_b = 1.19638e-008
r_06_f = 1.05186e-011
r_06_b = 2.13178e-020
r_07_f = 0.0370315
r_07_b = 0.0126371

r_15_f = 14.2856
r_15_b = 14.2856

r_18_f = 0.0257847
r_18_b = 0.00146901

r_22_f = 0.000922495
r_22_b = 3.11897e-007

r_23_f = 1.48089e-007
r_23_b = 2.1079e-018

r_24_f = 1.78389e-005
r_24_b = 1.75294e-005

r_25_f = 0.000487981
r_25_b = 0.000505389

r_30_f = 239.642
r_30_b = 239.642

r_34_f = 13.6102
r_34_b = 13.6049

r_42_f = 46597
r_42_b = 46597

r_43_f = 53.6943
r_43_b = 53.688

r_44_f = 0.00629882
r_44_b = 9.77731e-014

r_48_f = 1.84523e-005
r_48_b = 2.89127e-007

r_49_f = 6.83423e-006
r_49_b = 2.69546e-007

r_71_f = 0.123738
r_71_b = 0.0994608

r_72_f = 0.00529225
r_72_b = 9.07422e-007

r_73_f = 0.0183144
r_73_b = 1.02384e-014

r_74_f = 9.712e-014
r_74_b = 7.63431e-012

K_H = 123.405



 = 0.0494087
r_74_b = 0.01828

K_H = 812.795
998e-013

K_H = 812.801





2.795

K_H = 812.801
013

K_H = 812.801
.801
